0 -0.321594
1 0.311506
2 0.331608
3 0.113
4 -0.101278
5 -0.166535
6 -0.0819082
7 0.0474545
8 0.109288
9 0.0132143
10 -0.0693359
11 -0.0796929
12 -0.0208233
13 0.0474137
14 0.0658666
15 0.0252403
16 -0.0324472
17 -0.0555505
18 -0.027837
19 0.0214187
20 0.0472288
21 0.0292444
22 -0.0128944
23 -0.0401605
24 -0.0297989
25 0.00610888
26 0.0339484
27 0.0297021
28 -0.000617686
29 -0.0283671
30 -0.029087
31 -0.00385512
32 0.0232845
33 0.0280497
34 0.00749061
35 -0.0186218
36 -0.0266647
37 -0.010414
38 0.0143324
39 0.0249938
40 0.0127164
41 -0.0103894
42 -0.0230906
43 -0.0144676
44 0.00677804
45 0.0210037
46 0.0157242
47 -0.00349091
48 -0.0187777
49 -0.0165342
50 0.000524747
51 0.0164544
52 0.0169403
53 0.00212176
54 -0.0140732
55 -0.016982
56 -0.00444946
57 0.0116712
58 0.0166968
59 0.00645979
60 -0.0092833
61 -0.0161212
62 -0.00815551
63 0.00694221
64 0.015291
65 0.00954127
66 -0.00467805
67 -0.0142414
68 -0.0106239
69 0.00251833
70 0.0130076
71 0.0114125
72 -0.000487797
73 -0.011624
74 -0.0119187
75 -0.00139181
76 0.0101247
77 0.0121566
78 0.00310187
79 -0.0085427
80 -0.0121426
81 -0.00462698
82 0.0069103
83 0.0118952
84 0.0059551
85 -0.0052583
86 -0.011435
87 -0.00707754
88 0.00361598
89 0.0107843
90 0.00798898
91 -0.00201075
92 -0.00996664
93 -0.00868746
94 0.000467931
95 0.00900685
96 0.00917422
97 0.000989509
98 -0.00793042
99 -0.00970017
100 -0.00316431
101 0.00612413
102 0.00965638
103 0.00432804
104 -0.0048401
105 -0.00942726
106 -0.00534231
107 0.00353321
108 0.00902726
109 0.00619725
110 -0.00222816
111 -0.00847285
112 -0.00688605
113 0.000948381
114 0.00778221
115 0.00740496
116 0.000284268
117 -0.00697488
118 -0.00775324
119 -0.00144974
120 0.00607144
121 0.00793302
122 0.00253004
123 -0.00509314
124 -0.0079492
125 -0.00350948
126 0.00406152
127 0.00780925
128 0.00437474
129 -0.0029981
130 -0.00752299
131 -0.00511511
132 0.00192401
133 0.00710234
134 0.00572247
135 -0.000859637
136 -0.00656108
137 -0.00619138
138 -0.000175623
139 0.0059145
140 0.00651904
141 0.0011637
142 -0.00517916
143 -0.0067053
144 -0.00208808
145 0.00437251
146 0.00675249
147 0.00293404
148 -0.00351259
149 -0.00666533
150 -0.00368883
151 0.00261769
152 0.00645081
153 0.00434181
154 -0.00170606
155 -0.00611791
156 -0.0048846
157 0.000795549
158 0.00567743
159 0.00531111
160 9.66582e-05
161 -0.00514173
162 -0.00561757
163 -0.000954324
164 0.00452448
165 0.00580255
166 0.00176242
167 -0.00384033
168 -0.00586688
169 -0.00250734
170 0.00310466
171 0.00581359
172 0.00317711
173 -0.0023333
174 -0.00564777
175 -0.00376154
176 0.00154218
177 0.0053764
178 0.00425236
179 -0.000747071
180 -0.0050082
181 -0.00464329
182 -3.66728e-05
183 0.0045534
184 0.00493011
185 0.000794413
186 -0.00402352
187 -0.00511067
188 -0.00151245
189 0.00343112
190 0.00518488
191 0.00217825
192 -0.00278952
193 -0.00515463
194 -0.00278064
195 0.00211259
196 0.00502369
197 0.00330996
198 -0.00141442
199 -0.00479765
200 -0.00375822
201 0.000709102
202 0.00448367
203 0.00411918
204 -1.04402e-05
205 -0.00409041
206 -0.00438843
207 -0.000668273
208 0.00362775
209 0.0045634
210 0.0013145
211 -0.0031066
212 -0.0046434
213 -0.00191667
214 0.00253868
215 0.00462953
216 0.00246436
217 -0.00193628
218 -0.00452465
219 -0.00294846
220 0.001312
221 0.00433326
222 0.00336131
223 -0.00067854
224 -0.00406141
225 -0.00369682
226 4.84205e-05
227 0.00371649
228 0.00395052
229 0.000566218
230 -0.00330711
231 -0.00411961
232 -0.00115384
233 0.00284288
234 0.00420298
235 0.00170372
236 -0.00233422
237 -0.00420118
238 -0.00220613
239 0.00179215
240 0.00411639
241 0.00265247
242 -0.00122803
243 -0.00395231
244 -0.00303545
245 0.000653396
246 0.00371407
247 0.00334913
248 -7.96859e-05
249 -0.0034081
250 -0.00358909
251 -0.00048194
252 0.00304199
253 0.00375239
254 0.00102082
255 -0.00262428
256 -0.00383765
257 -0.00152697
258 0.00216433
259 0.00384502
260 0.00199128
261 -0.0016721
262 -0.00377614
263 -0.00240563
264 0.00115792
265 0.00363409
266 0.00276306
267 -0.000632334
268 -0.00342328
269 -0.00305786
270 0.000105869
271 0.00314936
272 0.00328565
273 0.000411162
274 -0.00281907
275 -0.00344345
276 -0.000908854
277 0.00244009
278 0.00352966
279 0.00137789
280 -0.00202089
281 -0.00354415
282 -0.00180969
283 0.00157053
284 0.00348815
285 0.00219659
286 -0.00109847
287 -0.00336422
288 -0.00253195
289 0.000614421
290 0.00317621
291 0.00281026
292 -0.000128113
293 -0.00292911
294 -0.00302724
295 -0.000350875
296 0.00262897
297 0.00317987
298 0.000813299
299 -0.00228274
300 -0.00326644
301 -0.00125042
302 0.00189813
303 0.00328658
304 0.00165416
305 -0.00148344
306 -0.00324118
307 -0.00201725
308 0.00104741
309 0.00313242
310 0.00233335
311 -0.000598989
312 -0.00296364
313 -0.00259715
314 0.00014724
315 0.00273932
316 0.00280447
317 0.000298904
318 -0.0024649
319 -0.0029523
320 -0.000730783
321 0.00214673
322 0.00303884
323 0.00114017
324 -0.00179185
325 -0.00306352
326 -0.00151944
327 0.00140794
328 0.003027
329 0.00186168
330 -0.00100305
331 -0.0029311
332 -0.00216082
333 0.000585547
334 0.00277878
335 0.00241176
336 -0.00016386
337 -0.00257403
338 -0.00261041
339 -0.000253637
340 0.00232183
341 0.00275379
342 0.000658799
343 -0.00202795
344 -0.00284004
345 -0.00104386
346 0.00169892
347 0.00286845
348 0.00140159
349 -0.00134182
350 -0.00283945
351 -0.00172541
352 0.000964155
353 0.00275459
354 0.00200952
355 -0.000573723
356 -0.00261649
357 -0.00224898
358 0.00017843
359 0.00242876
360 0.00243981
361 0.000213853
362 -0.00219592
363 -0.00257908
364 -0.000595443
365 0.0019233
366 0.00266487
367 0.00095899
368 -0.00161694
369 -0.00269636
370 -0.00129762
371 0.00128342
372 0.00267381
373 0.00160505
374 -0.00092975
375 -0.00259853
376 -0.00187572
377 0.000563233
378 0.00247285
379 0.00210487
380 -0.000191304
381 -0.00230004
382 -0.00228864
383 -0.000178612
384 0.00208424
385 0.00242409
386 0.000539247
387 -0.00183038
388 -0.00250931
389 -0.000883623
390 0.00154407
391 0.00254339
392 0.00120519
393 -0.00123145
394 -0.00252643
395 -0.00149795
396 0.000899089
397 0.00245954
398 0.00175654
399 -0.000553856
400 -0.00234479
401 -0.00197639
402 0.000202759
403 0.00218516
404 0.00215371
405 0.000147177
406 -0.00198448
407 -0.00228563
408 -0.000489056
409 0.0017473
410 0.00237022
411 0.000816238
412 -0.00147885
413 -0.00240648
414 -0.00112247
415 0.00118488
416 0.00239441
417 0.001402
418 -0.000871582
419 -0.00233492
420 -0.00164969
421 0.000545415
422 0.00222988
423 0.00186109
424 -0.000213013
425 -0.00208199
426 -0.00203253
427 -0.000118963
428 0.0018948
429 0.00216118
430 0.000443953
431 -0.00167255
432 -0.00224509
433 -0.000755625
434 0.00142011
435 0.00228322
436 0.001048
437 -0.00114291
438 -0.00227544
439 -0.00131555
440 0.000846754
441 0.00222253
442 0.00155333
443 -0.000537769
444 -0.00212616
445 -0.00175703
446 0.000222241
447 0.0019888
448 0.00192307
449 9.34985e-05
450 -0.00181373
451 -0.00204868
452 -0.000403197
453 0.00160491
454 0.00213189
455 0.000700804
456 -0.00136693
457 -0.00217162
458 -0.000980585
459 0.00110486
460 0.00216766
461 0.00123723
462 -0.000824222
463 -0.00212064
464 -0.00146597
465 0.000530806
466 0.00203205
467 0.00166262
468 -0.000230587
469 -0.00190419
470 -0.00182369
471 -7.04008e-05
472 0.00174007
473 0.00194646
474 0.000366187
475 -0.00154341
476 -0.00202897
477 -0.000650977
478 0.00131852
479 0.0020701
480 0.000919266
481 -0.00107021
482 -0.00206953
483 -0.00116594
484 0.000803673
485 0.00202781
486 0.00138639
487 -0.00052443
488 -0.00194626
489 -0.00157656
490 0.000238168
491 0.00182699
492 0.00173305
493 4.93552e-05
494 -0.00167282
495 -0.00185317
496 -0.000332426
497 0.00148723
498 0.00193498
499 0.000605486
500 -0.00127427
501 -0.00197731
502 -0.000863242
503 0.0010385
504 0.0019798
505 0.00110077
506 -0.000784847
507 -0.00194287
508 -0.00131359
509 0.000518566
510 0.00186772
511 0.00149778
512 -0.000245081
513 -0.00175627
514 -0.00165002
515 -3.01004e-05
516 0.00161118
517 0.00176767
518 0.000301502
519 -0.00143569
520 -0.00184878
521 -0.000563784
522 0.00123365
523 0.00189217
524 0.000811848
525 -0.00100936
526 -0.00189742
527 -0.00104094
528 0.000767527
529 0.00186484
530 0.00124672
531 -0.000513147
532 -0.00179551
533 -0.00142538
534 0.000251407
535 0.00169123
536 0.00157367
537 1.24182e-05
538 -0.00155444
539 -0.001689
540 -0.00027307
541 0.00138823
542 0.00176943
543 0.000525412
544 -0.00119621
545 -0.00181375
546 -0.000764527
547 0.000982487
548 0.00182149
549 0.000985816
550 -0.000751534
551 -0.00179288
552 -0.00118508
553 0.000508121
554 0.0017289
555 0.0013586
556 -0.000257214
557 -0.00163118
558 -0.00150321
559 3.8757e-06
560 0.00150204
561 0.00161636
562 0.00024684
563 -0.00134436
564 -0.00169612
565 -0.000489984
566 0.00116159
567 0.00174127
568 0.000720808
569 -0.000957616
570 -0.00175128
571 -0.00093486
572 0.000736711
573 0.00172631
574 0.00112807
575 -0.000503439
576 -0.00166723
577 -0.0012968
578 0.000262561
579 0.00157557
580 0.00143798
581 -1.89374e-05
582 -0.00145347
583 -0.00154907
584 -0.000222564
585 0.00130369
586 0.00162818
587 0.00045717
588 -0.00112947
589 -0.00167406
590 -0.00068029
591 0.00093452
592 0.00168614
593 0.000887609
594 -0.000722929
595 -0.00166452
596 -0.00107517
597 0.000499065
598 0.00160997
599 0.00123944
600 -0.000267496
601 -0.0015239
602 -0.00137739
603 3.29006e-05
604 0.00140833
605 0.00148655
606 0.000200031
607 -0.00126586
608 -0.00156502
609 -0.000426688
610 0.00109957
611 0.00161155
612 0.000642628
613 -0.000913009
614 -0.00162554
615 -0.000843666
616 0.000710076
617 0.001607
618 0.00102595
619 -0.000494963
620 -0.00155664
621 -0.00118604
622 0.000272063
623 0.00147576
624 0.00132097
625 -4.58797e-05
626 -0.00136625
627 -0.0014283
628 -0.00017906
629 0.00123058
630 0.00150615
631 0.000398297
632 -0.00107167
633 -0.00155327
634 -0.000607528
635 0.000892917
636 0.001569
637 0.000802689
638 -0.000698054
639 -0.00155332
640 -0.000980032
641 0.000491105
642 0.00150685
643 0.0011362
644 -0.000276297
645 -0.00143079
646 -0.00126828
647 5.79742e-05
648 0.00132693
649 0.00137388
650 0.000159492
651 -0.00119758
652 -0.00145113
653 -0.000371785
654 0.00104556
655 0.00149877
656 0.000574732
657 -0.000874101
658 -0.00151611
659 -0.000764383
660 0.000686779
661 0.00150309
662 0.000937088
663 -0.000487465
664 -0.00146023
665 -0.00108957
666 0.000280231
667 0.00138867
668 0.00121897
669 -6.92699e-05
670 -0.00129007
671 -0.00132292
672 -0.000141191
673 0.00116665
674 0.00139959
675 0.000346971
676 -0.00102108
677 -0.0014477
678 -0.000544018
679 0.000856437
680 0.00146653
681 0.000728491
682 -0.000676178
683 -0.00145597
684 -0.000896831
685 0.000484022
686 0.0014165
687 0.00104583
688 -0.000283893
689 -0.00134913
690 -0.0011727
691 7.98422e-05
692 0.00125547
693 0.0012751
694 0.000124038
695 -0.00113759
696 -0.0013512
697 -0.000323694
698 0.00099805
699 0.00139973
700 0.00051519
701 -0.000839814
702 -0.00141994
703 -0.000694787
704 0.000666188
705 0.00141168
706 0.000859012
707 -0.000480756
708 -0.00137536
709 -0.00100473
710 0.000287307
711 0.00131193
712 0.00112919
713 -8.97569e-05
714 -0.00122289
715 -0.00123011
716 -0.000107929
717 0.00111022
718 0.00130567
719 0.000301816
720 -0.000976354
721 -0.00135457
722 -0.000488078
723 0.000824138
724 0.00137607
725 0.000663072
726 -0.000656751
727 -0.00136996
728 -0.000823409
729 0.00047765
730 0.0013366
731 0.000966019
732 -0.000290493
733 -0.00127687
734 -0.00108821
735 9.9072e-05
736 0.00119217
737 0.00118771
738 9.277e-05
739 -0.00108439
740 -0.00126274
741 -0.000281212
742 0.000955868
743 0.00131198
744 0.00046253
745 -0.000809324
746 -0.00133468
747 -0.000633173
748 0.00064782
749 0.00133059
750 0.00078983
751 -0.00047469
752 -0.0013
753 -0.000929496
754 0.000293472
755 0.00124374
756 0.00104952
757 -0.000107839
758 -0.00116314
759 -0.00114768
760 -7.84808e-05
761 0.00105997
762 0.00122219
763 0.000261773
764 -0.000936488
765 -0.00127174
766 -0.000438412
767 0.000795297
768 0.00129556
769 0.000604934
770 -0.000639348
771 -0.00129335
772 -0.000758103
773 0.000471861
774 0.00126538
775 0.000894972
776 -0.00029626
777 -0.0012124
778 -0.00101294
779 0.000116103
780 0.00113565
781 0.00110981
782 6.49885e-05
783 -0.00103685
784 -0.00118382
785 -0.000243402
786 0.00091812
787 0.00123365
788 0.000415606
789 -0.00078199
790 -0.00125851
791 -0.000578218
792 0.000631298
793 0.00125809
794 0.000728073
795 -0.000469154
796 -0.00123258
797 -0.000862284
798 0.000298872
799 0.00118269
800 0.000978296
801 -0.000123905
802 -0.00110959
803 -0.00107393
804 -5.22288e-05
805 0.0010149
806 0.00114745
807 0.000226013
808 -0.000900682
809 -0.00119753
810 -0.000394005
811 0.000769345
812 0.00122337
813 0.000552901
814 -0.000623634
815 -0.00122462
816 -0.000699605
817 0.000466556
818 0.00120144
819 0.000831284
820 -0.000301321
821 -0.00115447
822 -0.000945426
823 0.000131281
824 0.00108482
825 0.00103988
826 4.0144e-05
827 -0.000994045
828 -0.00111292
829 -0.000209529
830 0.000884097
831 0.00116324
832 0.000373515
833 -0.000757309
834 -0.00118999
835 -0.000528876
836 0.000616326
837 0.00119282
838 0.000672577
839 -0.000464058
840 -0.00117185
841 -0.000801841
842 0.000303619
843 0.00112764
844 0.000914195
845 -0.000138263
846 -0.00106127
847 -0.00100752
848 -2.86824e-05
849 0.000974193
850 0.0010801
851 0.00019388
852 -0.000868301
853 -0.00113062
854 -0.000354052
855 0.000745833
856 0.00115824
857 0.000506041
858 -0.000609345
859 -0.00116256
860 -0.000646879
861 0.000461653
862 0.00114367
863 0.000773836
864 -0.000305778
865 -0.00110209
866 -0.00088448
867 0.000144881
868 0.00103882
869 0.000976719
870 1.77976e-05
871 -0.000955269
872 -0.00104884
873 -0.000179004
874 0.000853233
875 0.00109955
876 0.000335537
877 -0.000734876
878 -0.00112798
879 -0.00048431
880 0.000602666
881 0.00113372
882 0.000622412
883 -0.000459332
884 -0.0011168
885 -0.000747163
886 0.000307805
887 0.00107772
888 0.000856168
889 -0.00015116
890 -0.00101741
891 -0.000947361
892 -7.44775e-06
893 0.000937202
894 0.00101904
895 0.000164845
896 -0.000838839
897 -0.00106992
898 -0.000317904
899 0.000724398
900 0.00109912
901 0.000463602
902 -0.000596266
903 -0.00110619
904 -0.000599087
905 0.000457089
906 0.00109115
907 0.000721725
908 -0.000309711
909 -0.00105445
910 -0.000829157
911 0.000157125
912 0.000996945
913 0.000919344
914 -2.40496e-06
915 -0.000919932
916 -0.000990599
917 -0.000151352
918 0.00082507
919 0.00104163
920 0.000301088
921 -0.000714364
922 -0.00107154
923 -0.000443845
924 0.000590126
925 0.00107989
926 0.000576823
927 -0.000454917
928 -0.00106664
929 -0.000697435
930 0.000311504
931 0.00103219
932 0.000803357
933 -0.000162797
934 -0.00097737
935 -0.000892573
936 1.17948e-05
937 0.000903402
938 0.000963411
939 0.000138479
940 -0.000811881
941 -0.00101458
942 -0.000285034
943 0.000704744
944 0.00104517
945 0.000424972
946 -0.000584225
947 -0.00105473
948 -0.000555547
949 0.000452811
950 0.00104317
951 0.000674215
952 -0.000313189
953 -0.00101088
954 -0.000778685
955 0.000168196
956 0.00095862
957 0.000866964
958 -2.07529e-05
959 -0.00088756
960 -0.000937393
961 -0.000126184
962 0.000799233
963 0.000988681
964 0.00026969
965 -0.000695508
966 -0.00101992
967 -0.000406925
968 0.000578548
969 0.00103062
970 0.000535193
971 -0.000450765
972 -0.00102069
973 -0.000651991
974 0.000314775
975 0.000990454
976 0.000755063
977 -0.000173338
978 -0.00094064
979 -0.000842438
980 2.93077e-05
981 0.00087236
982 0.000912469
983 0.000114429
984 -0.000787089
985 -0.000963866
986 -0.000255009
987 0.00068663
988 0.000995719
989 0.000389649
990 -0.000573078
991 -0.00100751
992 -0.000515699
993 0.000448776
994 0.000999125
995 0.0006307
996 -0.000316267
997 -0.000970853
998 -0.000732425
999 -0.000633951
1000 0.000307938
1001 0.000965113
1002 0.000734541
1003 -0.000170232
1004 -0.00091685
1005 -0.000819874
1006 2.99493e-05
1007 0.000850579
1008 0.000888338
1009 0.000110098
1010 -0.000767726
1011 -0.000938669
1012 -0.000247118
1013 0.000670044
1014 0.000969971
1015 0.000378398
1016 -0.000559566
1017 -0.000981731
1018 -0.000501353
1019 0.000438572
1020 0.00097383
1021 0.000613582
1022 -0.000309535
1023 -0.000946542
