0 0.675676
1 1.35135
2 2.02703
3 2.7027
4 3.37838
5 4.05405
6 4.72973
7 5.40541
8 6.08108
9 6.75676
10 7.43243
11 8.10811
12 8.78378
13 9.45946
14 10.1351
15 10.8108
16 11.4865
17 12.1622
18 12.8378
19 13.5135
20 14.1892
21 14.8649
22 15.5405
23 16.2162
24 16.8919
25 17.5676
26 18.2432
27 18.9189
28 19.5946
29 20.2703
30 20.9459
31 21.6216
32 22.2973
33 22.973
34 23.6486
35 24.3243
36 25
37 25.6757
38 26.3514
39 27.027
40 27.7027
41 28.3784
42 29.0541
43 29.7297
44 30.4054
45 31.0811
46 31.7568
47 32.4324
48 33.1081
49 33.7838
50 34.4595
51 35.1351
52 35.8108
53 36.4865
54 37.1622
55 37.8378
56 38.5135
57 39.1892
58 39.8649
59 40.5405
60 41.2162
61 41.8919
62 42.5676
63 43.2432
64 43.9189
65 44.5946
66 45.2703
67 45.9459
68 46.6216
69 47.2973
70 47.973
71 48.6486
72 49.3243
73 50
74 50.6757
75 51.3514
76 52.027
77 52.7027
78 53.3784
79 54.0541
80 54.7297
81 55.4054
82 56.0811
83 56.7568
84 57.4324
85 58.1081
86 58.7838
87 59.4595
88 60.1351
89 60.8108
90 61.4865
91 62.1622
92 62.8378
93 63.5135
94 64.1892
95 64.8649
96 65.5405
97 66.2162
98 66.8919
99 67.5676
100 68.2432
101 68.9189
102 69.5946
103 70.2703
104 70.9459
105 71.6216
106 72.2973
107 72.973
108 73.6486
109 74.3243
110 75
111 75.6757
112 76.3514
113 77.027
114 77.7027
115 78.3784
116 79.0541
117 79.7297
118 80.4054
119 81.0811
120 81.7568
121 82.4324
122 83.1081
123 83.7838
124 84.4595
125 85.1351
126 85.8108
127 86.4865
128 87.1622
129 87.8378
130 88.5135
131 89.1892
132 89.8649
133 90.5405
134 91.2162
135 91.8919
136 92.5676
137 93.2432
138 93.9189
139 94.5946
140 95.2703
141 95.9459
142 96.6216
143 97.2973
144 97.973
145 98.6486
146 99.3243
147 100
148 100.676
149 101.351
150 102.027
151 102.703
152 103.378
153 104.054
154 104.73
155 105.405
156 106.081
157 106.757
158 107.432
159 108.108
160 108.784
161 109.459
162 110.135
163 110.811
164 111.486
165 112.162
166 112.838
167 113.514
168 114.189
169 114.865
170 115.541
171 116.216
172 116.892
173 117.568
174 118.243
175 118.919
176 119.595
177 120.27
178 120.946
179 121.622
180 122.297
181 122.973
182 123.649
183 124.324
184 125
185 125.676
186 126.351
187 127.027
188 127.703
189 128.378
190 129.054
191 129.73
192 130.405
193 131.081
194 131.757
195 132.432
196 133.108
197 133.784
198 134.459
199 135.135
200 135.811
201 136.486
202 137.162
203 137.838
204 138.514
205 139.189
206 139.865
207 140.541
208 141.216
209 141.892
210 142.568
211 143.243
212 143.919
213 144.595
214 145.27
215 145.946
216 146.622
217 147.297
218 147.973
219 148.649
220 149.324
221 150
222 150.676
223 151.351
224 152.027
225 152.703
226 153.378
227 154.054
228 154.73
229 155.405
230 156.081
231 156.757
232 157.432
233 158.108
234 158.784
235 159.459
236 160.135
237 160.811
238 161.486
239 162.162
240 162.838
241 163.514
242 164.189
243 164.865
244 165.541
245 166.216
246 166.892
247 167.568
248 168.243
249 168.919
250 169.595
251 170.27
252 170.946
253 171.622
254 172.297
255 172.973
256 173.649
257 174.324
258 175
259 175.676
260 176.351
261 177.027
262 177.703
263 178.378
264 179.054
265 179.73
266 180.405
267 181.081
268 181.757
269 182.432
270 183.108
271 183.784
272 184.459
273 185.135
274 185.811
275 186.486
276 187.162
277 187.838
278 188.514
279 189.189
280 189.865
281 190.541
282 191.216
283 191.892
284 192.568
285 193.243
286 193.919
287 194.595
288 195.27
289 195.946
290 196.622
291 197.297
292 197.973
293 198.649
294 199.324
295 200
296 200.676
297 201.351
298 202.027
299 202.703
300 203.378
301 204.054
302 204.73
303 205.405
304 206.081
305 206.757
306 207.432
307 208.108
308 208.784
309 209.459
310 210.135
311 210.811
312 211.486
313 212.162
314 212.838
315 213.514
316 214.189
317 214.865
318 215.541
319 216.216
320 216.892
321 217.568
322 218.243
323 218.919
324 219.595
325 220.27
326 220.946
327 221.622
328 222.297
329 222.973
330 223.649
331 224.324
332 225
333 225.676
334 226.351
335 227.027
336 227.703
337 228.378
338 229.054
339 229.73
340 230.405
341 231.081
342 231.757
343 232.432
344 233.108
345 233.784
346 234.459
347 235.135
348 235.811
349 236.486
350 237.162
351 237.838
352 238.514
353 239.189
354 239.865
355 240.541
356 241.216
357 241.892
358 242.568
359 243.243
360 243.919
361 244.595
362 245.27
363 245.946
364 246.622
365 247.297
366 247.973
367 248.649
368 249.324
369 250
370 250.676
371 251.351
372 252.027
373 252.703
374 253.378
375 254.054
376 254.73
377 255.405
378 256.081
379 256.757
380 257.432
381 258.108
382 258.784
383 259.459
384 260.135
385 260.811
386 261.486
387 262.162
388 262.838
389 263.514
390 264.189
391 264.865
392 265.541
393 266.216
394 266.892
395 267.568
396 268.243
397 268.919
398 269.595
399 270.27
400 270.946
401 271.622
402 272.297
403 272.973
404 273.649
405 274.324
406 275
407 275.676
408 276.351
409 277.027
410 277.703
411 278.378
412 279.054
413 279.73
414 280.405
415 281.081
416 281.757
417 282.432
418 283.108
419 283.784
420 284.459
421 285.135
422 285.811
423 286.486
424 287.162
425 287.838
426 288.514
427 289.189
428 289.865
429 290.541
430 291.216
431 291.892
432 292.568
433 293.243
434 293.919
435 294.595
436 295.27
437 295.946
438 296.622
439 297.297
440 297.973
441 298.649
442 299.324
443 300
444 300.676
445 301.351
446 302.027
447 302.703
448 303.378
449 304.054
450 304.73
451 305.405
452 306.081
453 306.757
454 307.432
455 308.108
456 308.784
457 309.459
458 310.135
459 310.811
460 311.486
461 312.162
462 312.838
463 313.514
464 314.189
465 314.865
466 315.541
467 316.216
468 316.892
469 317.568
470 318.243
471 318.919
472 319.595
473 320.27
474 320.946
475 321.622
476 322.297
477 322.973
478 323.649
479 324.324
480 325
481 325.676
482 326.351
483 327.027
484 327.703
485 328.378
486 329.054
487 329.73
488 330.405
489 331.081
490 331.757
491 332.432
492 333.108
493 333.784
494 334.459
495 335.135
496 335.811
497 336.486
498 337.162
499 337.838
500 338.514
501 339.189
502 339.865
503 340.541
504 341.216
505 341.892
506 342.568
507 343.243
508 343.919
509 344.595
510 345.27
511 345.946
512 346.622
513 347.297
514 347.973
515 348.649
516 349.324
517 350
518 350.676
519 351.351
520 352.027
521 352.703
522 353.378
523 354.054
524 354.73
525 355.405
526 356.081
527 356.757
528 357.432
529 358.108
530 358.784
531 359.459
532 360.135
533 360.811
534 361.486
535 362.162
536 362.838
537 363.514
538 364.189
539 364.865
540 365.541
541 366.216
542 366.892
543 367.568
544 368.243
545 368.919
546 369.595
547 370.27
548 370.946
549 371.622
550 372.297
551 372.973
552 373.649
553 374.324
554 375
555 375.676
556 376.351
557 377.027
558 377.703
559 378.378
560 379.054
561 379.73
562 380.405
563 381.081
564 381.757
565 382.432
566 383.108
567 383.784
568 384.459
569 385.135
570 385.811
571 386.486
572 387.162
573 387.838
574 388.514
575 389.189
576 389.865
577 390.541
578 391.216
579 391.892
580 392.568
581 393.243
582 393.919
583 394.595
584 395.27
585 395.946
586 396.622
587 397.297
588 397.973
589 398.649
590 399.324
591 400
592 400.676
593 401.351
594 402.027
595 402.703
596 403.378
597 404.054
598 404.73
599 405.405
600 406.081
601 406.757
602 407.432
603 408.108
604 408.784
605 409.459
606 410.135
607 410.811
608 411.486
609 412.162
610 412.838
611 413.514
612 414.189
613 414.865
614 415.541
615 416.216
616 416.892
617 417.568
618 418.243
619 418.919
620 419.595
621 420.27
622 420.946
623 421.622
624 422.297
625 422.973
626 423.649
627 424.324
628 425
629 425.676
630 426.351
631 427.027
632 427.703
633 428.378
634 429.054
635 429.73
636 430.405
637 431.081
638 431.757
639 432.432
640 433.108
641 433.784
642 434.459
643 435.135
644 435.811
645 436.486
646 437.162
647 437.838
648 438.514
649 439.189
650 439.865
651 440.541
652 441.216
653 441.892
654 442.568
655 443.243
656 443.919
657 444.595
658 445.27
659 445.946
660 446.622
661 447.297
662 447.973
663 448.649
664 449.324
665 450
666 450.676
667 451.351
668 452.027
669 452.703
670 453.378
671 454.054
672 454.73
673 455.405
674 456.081
675 456.757
676 457.432
677 458.108
678 458.784
679 459.459
680 460.135
681 460.811
682 461.486
683 462.162
684 462.838
685 463.514
686 464.189
687 464.865
688 465.541
689 466.216
690 466.892
691 467.568
692 468.243
693 468.919
694 469.595
695 470.27
696 470.946
697 471.622
698 472.297
699 472.973
700 473.649
701 474.324
702 475
703 475.676
704 476.351
705 477.027
706 477.703
707 478.378
708 479.054
709 479.73
710 480.405
711 481.081
712 481.757
713 482.432
714 483.108
715 483.784
716 484.459
717 485.135
718 485.811
719 486.486
720 487.162
721 487.838
722 488.514
723 489.189
724 489.865
725 490.541
726 491.216
727 491.892
728 492.568
729 493.243
730 493.919
731 494.595
732 495.27
733 495.946
734 496.622
735 497.297
736 497.973
737 498.649
738 499.324
739 500
740 500.676
741 501.351
742 502.027
743 502.703
744 503.378
745 504.054
746 504.73
747 505.405
748 506.081
749 506.757
750 507.432
751 508.108
752 508.784
753 509.459
754 510.135
755 510.811
756 511.486
757 512.162
758 512.838
759 513.514
760 514.189
761 514.865
762 515.541
763 516.216
764 516.892
765 517.568
766 518.243
767 518.919
768 519.595
769 520.27
770 520.946
771 521.622
772 522.297
773 522.973
774 523.649
775 524.324
776 525
777 525.676
778 526.351
779 527.027
780 527.703
781 528.378
782 529.054
783 529.73
784 530.405
785 531.081
786 531.757
787 532.432
788 533.108
789 533.784
790 534.459
791 535.135
792 535.811
793 536.486
794 537.162
795 537.838
796 538.514
797 539.189
798 539.865
799 540.541
800 541.216
801 541.892
802 542.568
803 543.243
804 543.919
805 544.595
806 545.27
807 545.946
808 546.622
809 547.297
810 547.973
811 548.649
812 549.324
813 550
814 550.676
815 551.351
816 552.027
817 552.703
818 553.378
819 554.054
820 554.73
821 555.405
822 556.081
823 556.757
824 557.432
825 558.108
826 558.784
827 559.459
828 560.135
829 560.811
830 561.486
831 562.162
832 562.838
833 563.514
834 564.189
835 564.865
836 565.541
837 566.216
838 566.892
839 567.568
840 568.243
841 568.919
842 569.595
843 570.27
844 570.946
845 571.622
846 572.297
847 572.973
848 573.649
849 574.324
850 575
851 575.676
852 576.351
853 577.027
854 577.703
855 578.378
856 579.054
857 579.73
858 580.405
859 581.081
860 581.757
861 582.432
862 583.108
863 583.784
864 584.459
865 585.135
866 585.811
867 586.486
868 587.162
869 587.838
870 588.514
871 589.189
872 589.865
873 590.541
874 591.216
875 591.892
876 592.568
877 593.243
878 593.919
879 594.595
880 595.27
881 595.946
882 596.622
883 597.297
884 597.973
885 598.649
886 599.324
887 600
888 600.676
889 601.351
890 602.027
891 602.703
892 603.378
893 604.054
894 604.73
895 605.405
896 606.081
897 606.757
898 607.432
899 608.108
900 608.784
901 609.459
902 610.135
903 610.811
904 611.486
905 612.162
906 612.838
907 613.514
908 614.189
909 614.865
910 615.541
911 616.216
912 616.892
913 617.568
914 618.243
915 618.919
916 619.595
917 620.27
918 620.946
919 621.622
920 622.297
921 622.973
922 623.649
923 624.324
924 625
925 625.676
926 626.351
927 627.027
928 627.703
929 628.378
930 629.054
931 629.73
932 630.405
933 631.081
934 631.757
935 632.432
936 633.108
937 633.784
938 634.459
939 635.135
940 635.811
941 636.486
942 637.162
943 637.838
944 638.514
945 639.189
946 639.865
947 640.541
948 641.216
949 641.892
950 642.568
951 643.243
952 643.919
953 644.595
954 645.27
955 645.946
956 646.622
957 647.297
958 647.973
959 648.649
960 649.324
961 650
962 650.676
963 651.351
964 652.027
965 652.703
966 653.378
967 654.054
968 654.73
969 655.405
970 656.081
971 656.757
972 657.432
973 658.108
974 658.784
975 659.459
976 660.135
977 660.811
978 661.486
979 662.162
980 662.838
981 663.514
982 664.189
983 664.865
984 665.541
985 666.216
986 666.892
987 667.568
988 668.243
989 668.919
990 669.595
991 670.27
992 670.946
993 671.622
994 672.297
995 672.973
996 673.649
997 674.324
998 675
999 675.676
1000 676.351
1001 677.027
1002 677.703
1003 678.378
1004 679.054
1005 679.73
1006 680.405
1007 681.081
1008 681.757
1009 682.432
1010 683.108
1011 683.784
1012 684.459
1013 685.135
1014 685.811
1015 686.486
1016 687.162
1017 687.838
1018 688.514
1019 689.189
1020 689.865
1021 690.541
1022 691.216
1023 691.892
