1 1.1812
2 1.176
3 1.1636
4 1.1672
5 1.1554
6 1.1534
7 1.1548
8 1.1698
9 1.1689
10 1.1591
11 1.161
12 1.1575
13 1.1577
14 1.1582
15 1.1566
16 1.1577
17 1.1481
18 1.1395
19 1.1371
20 1.1303
21 1.1328
22 1.1339
23 1.1306
24 1.1283
25 1.1296
26 1.13
27 1.1331
28 1.1303
29 1.1282
30 1.1189
31 1.123
32 1.1223
33 1.1075
34 1.1037
35 1.0993
36 1.0972
37 1.1068
38 1.0995
39 1.0891
40 1.0931
41 1.0888
42 1.0824
43 1.0843
44 1.0899
45 1.0873
46 1.0961
47 1.0932
48 1.0936
49 1.093
50 1.0915
51 1.1015
52 1.099
53 1.0923
54 1.0915
55 1.0918
56 1.0921
57 1.0871
58 1.0743
59 1.0716
60 1.0732
61 1.0808
62 1.0782
63 1.0782
64 1.0706
65 1.0838
66 1.0784
67 1.0835
68 1.0786
69 1.0842
70 1.078
71 1.0779
72 1.0717
73 1.0688
74 1.0608
75 1.063
76 1.0612
77 1.0598
78 1.0634
79 1.059
80 1.0649
81 1.0616
82 1.0591
83 1.0564
84 1.0571
85 1.0593
86 1.0724
87 1.0779
88 1.0781
89 1.0787
90 1.072
91 1.0666
92 1.0626
93 1.065
94 1.0672
95 1.0672
96 1.0641
97 1.063
98 1.0577
99 1.0593
100 1.0587
101 1.0471
102 1.0439
103 1.0422
104 .
105 1.0449
106 1.0357
107 1.0355
108 1.0327
109 1.0296
110 1.0438
111 1.045
112 1.0477
113 1.0516
114 1.0416
115 1.042
116 1.0298
117 1.0329
118 1.0368
119 1.0323
120 1.0323
121 1.0316
122 1.0372
123 1.0448
124 1.0373
125 1.0337
126 1.031
127 1.0236
128 1.0244
129 .
130 1.0249
131 1.0224
132 1.0198
133 1.0186
134 1.0139
135 1.0176
136 1.0215
137 1.022
138 1.0203
139 1.0203
140 1.042
141 1.0526
142 1.0509
143 1.0497
144 1.0651
145 1.0627
146 1.0644
147 1.0719
148 1.0694
149 1.0661
150 1.068
151 1.0766
152 1.0793
153 1.077
154 1.0694
155 1.0752
156 1.066
157 1.0636
158 1.0568
159 1.0557
160 1.0525
161 1.0505
162 1.0643
163 1.0654
164 1.0553
165 1.0506
166 1.0461
167 1.0441
168 1.046
169 1.0445
170 1.0581
171 1.0582
172 1.0689
173 1.0605
174 1.0581
175 1.059
176 1.0543
177 1.0402
178 1.04
179 1.0408
180 1.0385
181 1.0418
182 1.0399
183 1.0408
184 1.046
185 1.05
186 1.0415
187 1.0466
188 1.0431
189 1.0509
190 1.0613
191 1.0643
192 1.0718
193 1.0703
194 1.0693
195 1.0704
196 1.0721
197 1.063
198 1.0737
199 1.0758
200 1.0799
201 1.0887
202 1.0863
203 1.0833
204 1.0765
205 1.0808
206 1.0678
207 1.0666
208 1.0578
209 1.0532
210 1.0519
211 1.0518
212 1.0494
213 1.0506
214 1.0485
215 1.044
216 1.04
217 1.0363
218 1.0401
219 1.0436
220 1.0315
221 1.0315
222 1.0312
223 1.0403
224 1.0297
225 1.0313
226 1.0327
227 1.0261
228 1.0176
229 1.0137
230 1.01
231 1.0077
232 1.0059
233 1.0023
234 1.0016
235 1.0252
236 1.0222
237 1.0263
238 1.0161
239 1.0158
240 1.012
241 1.0067
242 1.0066
243 1.0169
244 1.0088
245 1.0066
246 1.0093
247 1.008
248 1.0162
249 1.0128
250 1.0136
251 1.0068
252 1.0045
253 1.0024
254 1.007
255 1.0155
256 1.0309
257 1.0335
258 1.0324
259 1.0294
260 1.0252
261 1.0322
262 1.0281
263 1.027
264 1.0128
265 1.0121
266 1.0115
267 1.0133
268 1.01
269 1.0019
270 1.0041
271 1.0011
272 0.989
273 0.9765
274 0.9757
275 0.9731
276 0.9768
277 0.9887
278 0.976
279 0.9783
280 0.9862
281 0.9914
282 0.9865
283 0.9847
284 0.9783
285 0.9834
286 0.9842
287 0.9863
288 0.985
289 1.006
290 1.0017
291 0.9931
292 0.9763
293 0.9669
294 0.9643
295 0.97
296 0.9619
297 0.9618
298 0.9603
299 0.956
300 0.9576
301 0.9684
302 0.9659
303 0.9648
304 0.9644
305 0.9696
306 0.971
307 0.9694
308 0.971
309 0.9703
310 0.9608
311 0.9691
312 0.9724
313 0.9645
314 0.9614
315 0.9524
316 0.9594
317 0.9574
318 0.956
319 0.9588
320 0.9647
321 0.958
322 0.959
323 0.9588
324 0.9591
325 0.9551
326 0.9524
327 0.9564
328 0.955
329 0.9477
330 0.9369
331 0.9376
332 0.9379
333 0.9396
334 0.9265
335 0.9217
336 0.9083
337 0.9089
338 0.912
339 0.9068
340 0.8891
341 0.8907
342 0.8953
343 0.895
344 0.9023
345 0.9097
346 0.9021
347 0.908
348 0.9138
349 0.9053
350 0.8921
351 0.8952
352 0.8946
353 0.9036
354 0.9032
355 0.9096
356 0.9072
357 0.931
358 0.9314
359 0.9328
360 0.9307
361 0.9432
362 0.9471
363 0.957
364 0.96
365 0.9548
366 0.9526
367 0.9544
368 0.9619
369 0.959
370 0.953
371 0.9648
372 0.9622
373 0.9557
374 0.9455
375 0.9398
376 0.9358
377 0.9382
378 0.9444
379 0.9444
380 0.9515
381 0.9545
382 0.9526
383 0.9548
384 0.9527
385 0.9484
386 0.9521
387 0.9497
388 0.9401
389 0.9339
390 0.9374
391 0.9351
392 0.9322
393 0.9237
394 0.9292
395 0.9343
396 0.9314
397 0.9391
398 0.9413
399 0.9331
400 0.9246
401 0.9266
402 0.9228
403 0.9137
404 0.9042
405 0.9075
406 0.9105
407 0.9019
408 0.8991
409 0.9077
410 0.9046
411 0.9037
412 0.9135
413 0.9143
414 0.9152
415 0.9068
416 0.9027
417 0.8965
418 0.8967
419 0.9028
420 0.9024
421 0.9002
422 0.8966
423 0.8924
424 0.8878
425 0.8993
426 0.8876
427 0.8702
428 0.874
429 0.8664
430 0.8624
431 0.8596
432 0.864
433 0.8617
434 0.8572
435 0.8523
436 0.8514
437 0.8462
438 0.8558
439 0.8793
440 0.8738
441 0.8815
442 0.8805
443 0.8826
444 0.8837
445 0.8806
446 0.8741
447 0.8726
448 0.8685
449 0.868
450 0.8682
451 0.8715
452 0.8644
453 0.8568
454 0.8489
455 0.8507
456 0.8391
457 0.8406
458 0.84
459 0.8364
460 0.8364
461 0.827
462 0.8271
463 0.8406
464 0.8432
465 0.8486
466 0.8584
467 0.8594
468 0.8614
469 0.8584
470 0.8583
471 0.8559
472 0.8574
473 0.8625
474 0.8607
475 0.8573
476 0.857
477 0.8532
478 0.8516
479 0.8486
480 0.8458
481 0.8423
482 0.8382
483 0.85
484 0.8547
485 0.8577
486 0.8694
487 0.8765
488 0.8875
489 0.8804
490 0.8877
491 0.8891
492 0.8838
493 0.8771
494 0.8775
495 0.8755
496 0.8858
497 0.8981
498 0.8929
499 0.8902
500 0.9058
501 0.9112
502 0.923
503 0.9292
504 0.9304
505 0.9257
506 0.9388
507 0.9465
508 0.9473
509 0.9448
510 0.9535
511 0.9486
512 0.9397
513 0.9387
514 0.952
515 0.9486
516 0.9374
517 0.9306
518 0.9446
519 0.9363
520 0.9374
521 0.9389
522 0.9258
523 0.9219
524 0.9213
525 0.9181
526 0.9264
527 0.9308
528 0.9384
529 0.9357
530 0.9395
531 0.9304
532 0.9331
533 0.9184
534 0.9267
535 0.9287
536 0.9204
537 0.9197
538 0.9057
539 0.9162
540 0.9096
541 0.9077
542 0.9069
543 0.9095
544 0.9093
545 0.9128
546 0.9212
547 0.9291
548 0.934
549 0.9289
550 0.9313
551 0.9274
552 0.9281
553 0.9315
554 0.93
555 0.9148
556 0.9133
557 0.9046
558 0.8929
559 0.8985
560 0.9054
561 0.897
562 0.8881
563 0.8926
564 0.8955
565 0.891
566 0.8882
567 0.8807
568 0.8794
569 0.8824
570 0.893
571 0.9013
572 0.8976
573 0.9002
574 0.9014
575 0.8884
576 0.8856
577 0.8922
578 0.8888
579 0.8862
580 0.8814
581 0.8816
582 0.8909
583 0.9032
584 0.896
585 0.8946
586 0.8972
587 0.9011
588 0.8924
589 0.8874
590 0.8937
591 0.8925
592 0.8891
593 0.8934
594 0.8916
595 0.8848
596 0.8845
597 0.8792
598 0.8759
599 0.8748
600 0.8788
601 0.8842
602 0.8828
603 0.8774
604 0.8762
605 0.8657
606 0.8598
607 0.857
608 0.8577
609 0.8547
610 0.8576
611 0.8455
612 0.8452
613 0.8449
614 0.8504
615 0.8452
616 0.8506
617 0.8505
618 0.8425
619 0.8479
620 0.8536
621 0.8598
622 0.8628
623 0.861
624 0.8558
625 0.8506
626 0.8544
627 0.857
628 0.8611
629 0.8623
630 0.8621
631 0.847
632 0.8474
633 0.8455
634 0.8477
635 0.837
636 0.8465
637 0.8474
638 0.8557
639 0.8614
640 0.853
641 0.8527
642 0.8549
643 0.8549
644 0.8701
645 0.869
646 0.8713
647 0.8676
648 0.8752
649 0.8797
650 0.8765
651 0.8749
652 0.875
653 0.8752
654 0.8793
655 0.8813
656 0.8843
657 0.8802
658 0.8775
659 0.8778
660 0.8886
661 0.894
662 0.8983
663 0.9025
664 0.9114
665 0.9138
666 0.9165
667 0.9127
668 0.9115
669 0.9194
670 0.9166
671 0.9116
672 0.9098
673 0.9102
674 0.9097
675 0.9154
676 0.909
677 0.8868
678 0.8897
679 0.8943
680 0.9044
681 0.8988
682 0.9069
683 0.9089
684 0.9199
685 0.9198
686 0.9233
687 0.931
688 0.9255
689 0.9099
690 0.9135
691 0.9222
692 0.9231
693 0.9181
694 0.9099
695 0.9159
696 0.9149
697 0.9181
698 0.9141
699 0.9168
700 0.915
701 0.9118
702 0.9008
703 0.9078
704 0.9077
705 0.9094
706 0.9065
707 0.9025
708 0.8987
709 0.8906
710 0.8893
711 0.8925
712 0.8965
713 0.8921
714 0.9037
715 0.906
716 0.8993
717 0.9044
718 0.9037
719 0.8963
720 0.8975
721 0.8999
722 0.891
723 0.8935
724 0.8811
725 0.8829
726 0.8813
727 0.8849
728 0.8781
729 0.8832
730 0.8781
731 0.877
732 0.8811
733 0.8812
734 0.8863
735 0.8879
736 0.8958
737 0.8897
738 0.8898
739 0.8856
740 0.8916
741 0.8905
742 0.8884
743 0.8904
744 0.8945
745 0.8976
746 0.9044
747 0.904
748 0.9019
749 0.8997
750 0.8972
751 0.8864
752 0.8773
753 0.8778
754 0.8843
755 0.8822
756 0.8901
757 0.9031
758 0.8992
759 0.8946
760 0.8931
761 0.8925
762 0.8882
763 0.8925
764 0.8905
765 0.8935
766 0.8913
767 0.8834
768 0.88
769 0.8844
770 0.8838
771 0.8836
772 0.8782
773 0.8655
774 0.8605
775 0.8643
776 0.8648
777 0.8594
778 0.8613
779 0.8685
780 0.8672
781 0.8693
782 0.869
783 0.8727
784 0.8778
785 0.8768
786 0.873
787 0.8713
788 0.873
789 0.8764
790 0.8705
791 0.8712
792 0.8757
793 0.8713
794 0.8682
795 0.8642
796 0.8658
797 0.8652
798 0.8705
799 0.8699
800 0.8772
801 0.8795
802 0.8752
803 0.8768
804 0.8759
805 0.877
806 0.8816
807 0.8823
808 0.8826
809 0.8805
810 0.8836
811 0.8836
812 0.8791
813 0.8768
814 0.8767
815 0.8726
816 0.8711
817 0.8717
818 0.8806
819 0.8782
820 0.8804
821 0.8779
822 0.8805
823 0.875
824 0.8793
825 0.8794
826 0.8829
827 0.8792
828 0.8802
829 0.883
830 0.8885
831 0.8898
832 0.8893
833 0.8877
834 0.8897
835 0.8915
836 0.8978
837 0.898
838 0.9028
839 0.9002
840 0.9062
841 0.9032
842 0.9133
843 0.9166
844 0.9148
845 0.904
846 0.9088
847 0.9116
848 0.9107
849 0.9022
850 0.9074
851 0.9105
852 0.9206
853 0.9213
854 0.9191
855 0.9265
856 0.9233
857 0.922
858 0.9285
859 0.9313
860 0.9373
861 0.9339
862 0.939
863 0.9424
864 0.9391
865 0.9457
866 0.9449
867 0.9446
868 0.9445
869 0.9473
870 0.944
871 0.9448
872 0.9442
873 0.9483
874 0.9544
875 0.9646
876 0.9705
877 0.9786
878 0.9692
879 0.9825
880 0.9885
881 0.9856
882 0.9893
883 0.984
884 0.9816
885 0.973
886 0.9869
887 0.9938
888 0.989
889 0.9927
890 0.9904
891 1.0072
892 1.0087
893 1.0078
894 1.0067
895 1.0156
896 1.0098
897 0.9933
898 0.9945
899 0.9997
900 0.9882
901 0.9779
902 0.9879
903 0.9796
904 0.9843
905 0.9882
906 0.9846
907 0.964
908 0.9738
909 0.9653
910 0.9714
911 0.9778
912 0.9787
913 0.9867
914 0.9816
915 0.9836
916 0.9775
917 0.9779
918 0.9796
919 0.9697
920 0.9726
921 0.9731
922 0.9814
923 0.982
924 0.9829
925 0.9806
926 0.9959
927 0.9923
928 0.9911
929 0.9843
930 0.9817
931 0.9752
932 0.9724
933 0.9761
934 0.9743
935 0.9723
936 0.9685
937 0.9789
938 0.9817
939 0.9839
940 0.9822
941 0.9815
942 0.9797
943 0.9755
944 0.9772
945 0.9879
946 0.9859
947 0.9842
948 0.9871
949 0.9821
950 0.9816
951 0.9796
952 0.9868
953 0.9861
954 0.9854
955 0.981
956 0.9824
957 0.9718
958 0.9708
959 0.9732
960 0.9782
961 0.9772
962 0.9742
963 0.9767
964 0.9843
965 0.9851
966 0.9835
967 0.9881
968 0.9971
969 0.9953
970 0.9994
971 0.9974
972 1.0092
973 1.0139
974 1.0105
975 1.006
976 1.0034
977 1.0082
978 1.0083
979 1.0107
980 1.0024
981 0.9984
982 0.9966
983 0.9937
984 0.9913
985 0.9895
986 0.9932
987 0.9927
988 0.9968
989 0.9999
990 0.9989
991 1.0081
992 1.0088
993 1.0073
994 1.0083
995 1.0189
996 1.0226
997 1.021
998 1.0267
999 1.0254
1000 1.0217
1001 1.0268
1002 1.0217
1003 1.0305
1004 1.0358
1005 1.0411
1006 1.046
1007 1.0485
1008 1.0361
1009 1.0418
1010 1.0469
1011 1.0419
1012 1.0447
1013 1.0467
1014 1.0535
1015 1.0535
1016 1.0571
1017 1.0576
1018 1.0569
1019 1.066
1020 1.0677
1021 1.0729
1022 1.0767
1023 1.0825
1024 1.0838
1025 1.0833
1026 1.0861
1027 1.0776
1028 1.0739
1029 1.0761
1030 1.0875
1031 1.0842
1032 1.0828
1033 1.0801
1034 1.074
1035 1.0747
1036 1.0716
1037 1.0834
1038 1.0799
1039 1.0708
1040 1.0744
1041 1.0821
1042 1.0787
1043 1.0783
1044 1.0782
1045 1.0797
1046 1.0763
1047 1.0779
1048 1.0835
1049 1.0883
1050 1.0967
1051 1.0997
1052 1.1014
1053 1.1062
1054 1.1028
1055 1.1023
1056 1.087
1057 1.0725
1058 1.0606
1059 1.0624
1060 1.059
1061 1.0613
1062 1.0545
1063 1.0644
1064 1.0673
1065 1.0677
1066 1.0708
1067 1.0762
1068 1.09
1069 1.0904
1070 1.0765
1071 1.0736
1072 1.0711
1073 1.0621
1074 1.0684
1075 1.0722
1076 1.0803
1077 1.0751
1078 1.0773
1079 1.0801
1080 1.0872
1081 1.0907
1082 1.0882
1083 1.0857
1084 1.0966
1085 1.0949
1086 1.1039
1087 1.104
1088 1.0999
1089 1.101
1090 1.118
1091 1.1238
1092 1.12
1093 1.1271
1094 1.1354
1095 1.134
1096 1.1453
1097 1.1498
1098 1.1557
1099 1.1499
1100 1.1498
1101 1.1457
1102 1.1542
1103 1.1686
1104 1.1685
1105 1.1707
1106 1.17
1107 1.1786
1108 1.1853
1109 1.1742
1110 1.1835
1111 1.1766
1112 1.1744
1113 1.1702
1114 1.1708
1115 1.187
1116 1.1695
1117 1.1743
1118 1.1686
1119 1.1764
1120 1.1767
1121 1.183
1122 1.1843
1123 1.1812
1124 1.171
1125 1.1678
1126 1.1616
1127 1.1548
1128 1.1498
1129 1.1592
1130 1.1429
1131 1.1423
1132 1.1502
1133 1.158
1134 1.1524
1135 1.1503
1136 1.1341
1137 1.1265
1138 1.1311
1139 1.139
1140 1.1304
1141 1.1298
1142 1.1233
1143 1.1209
1144 1.1164
1145 1.1239
1146 1.1346
1147 1.1325
1148 1.1484
1149 1.1441
1150 1.1513
1151 1.1497
1152 1.1466
1153 1.1367
1154 1.1231
1155 1.1252
1156 1.1337
1157 1.1349
1158 1.1357
1159 1.139
1160 1.1321
1161 1.1349
1162 1.1304
1163 1.1317
1164 1.1249
1165 1.1255
1166 1.1138
1167 1.1117
1168 1.1104
1169 1.0976
1170 1.0871
1171 1.0892
1172 1.0893
1173 1.0906
1174 1.0896
1175 1.0986
1176 1.0872
1177 1.0845
1178 1.0899
1179 1.1073
1180 1.1124
1181 1.119
1182 1.1195
1183 1.1186
1184 1.1307
1185 1.1304
1186 1.1166
1187 1.1239
1188 1.124
1189 1.1346
1190 1.1468
1191 1.1487
1192 1.1472
1193 1.1484
1194 1.1482
1195 1.1578
1196 1.165
1197 1.1708
1198 1.1717
1199 1.1596
1200 1.1706
1201 1.1784
1202 1.1805
1203 1.1695
1204 1.1812
1205 1.1724
1206 1.1652
1207 1.1665
1208 1.163
1209 1.1671
1210 1.1676
1211 1.1805
1212 1.1795
1213 1.1833
1214 1.1762
1215 1.1689
1216 1.1673
1217 1.1694
1218 1.1609
1219 1.1454
1220 1.1497
1221 1.1473
1222 1.1417
1223 1.1505
1224 1.1515
1225 1.1647
1226 1.1711
1227 1.1743
1228 1.1744
1229 1.1893
1230 1.1909
1231 1.1895
1232 1.1913
1233 1.1768
1234 1.1785
1235 1.1918
1236 1.1995
1237 1.1956
1238 1.2084
1239 1.2093
1240 1.2077
1241 1.2157
1242 1.2217
1243 1.2229
1244 1.2215
1245 1.2164
1246 1.2284
1247 1.229
1248 1.2328
1249 1.2381
1250 1.2376
1251 1.238
1252 1.2415
1253 1.2406
1254 1.2464
1255 1.2441
1256 1.2485
1257 1.2521
1258 1.2597
1259 1.2592
1260 1.2679
1261 1.2773
1262 1.2665
1263 1.2772
1264 1.2853
1265 1.2802
1266 1.2735
1267 1.2726
1268 1.2588
1269 1.2395
1270 1.2584
1271 1.2617
1272 1.2717
1273 1.261
1274 1.2552
1275 1.2643
1276 1.262
1277 1.2389
1278 1.2452
1279 1.2426
1280 1.2561
1281 1.2552
1282 1.2606
1283 1.2694
1284 1.2672
1285 1.2727
1286 1.2815
1287 1.2807
1288 1.2751
1289 1.2848
1290 1.2812
1291 1.2685
1292 1.2563
1293 1.2569
1294 1.2692
1295 1.2503
1296 1.2444
1297 1.2441
1298 1.2431
1299 1.2212
1300 1.2088
1301 1.2225
1302 1.2401
1303 1.2371
1304 1.2428
1305 1.2226
1306 1.2268
1307 1.2191
1308 1.2243
1309 1.227
1310 1.2197
1311 1.2392
1312 1.2269
1313 1.2368
1314 1.2311
1315 1.2213
1316 1.217
1317 1.2092
1318 1.2141
1319 1.2202
1320 1.2292
1321 1.2358
1322 1.2109
1323 1.2008
1324 1.2089
1325 1.2171
1326 1.2088
1327 1.2102
1328 1.2068
1329 1.1923
1330 1.194
1331 1.1914
1332 1.2025
1333 1.2019
1334 1.191
1335 1.1853
1336 1.1861
1337 1.1802
1338 1.1851
1339 1.1927
1340 1.183
1341 1.1945
1342 1.1975
1343 1.1937
1344 1.2076
1345 1.2165
1346 1.209
1347 1.1885
1348 1.1834
1349 1.1818
1350 1.1911
1351 1.1801
1352 1.1874
1353 1.2009
1354 1.1971
1355 1.2015
1356 1.1926
1357 1.2009
1358 1.1978
1359 1.2107
1360 1.2102
1361 1.2274
1362 1.2217
1363 1.221
1364 1.225
1365 1.2205
1366 1.2258
1367 1.232
1368 1.2273
1369 1.2097
1370 1.211
1371 1.2011
1372 1.2073
1373 1.2139
1374 1.2006
1375 1.204
1376 1.2118
1377 1.211
1378 1.2092
1379 1.209
1380 1.217
1381 1.2145
1382 1.2193
1383 1.2124
1384 1.2179
1385 1.2158
1386 1.2307
1387 1.229
1388 1.2384
1389 1.239
1390 1.2388
1391 1.2409
1392 1.2302
1393 1.2385
1394 1.2373
1395 1.2437
1396 1.2431
1397 1.2377
1398 1.2224
1399 1.2273
1400 1.2122
1401 1.2135
1402 1.2056
1403 1.2046
1404 1.207
1405 1.2032
1406 1.2034
1407 1.2051
1408 1.2057
1409 1.205
1410 1.2272
1411 1.2261
1412 1.2306
1413 1.2222
1414 1.2224
1415 1.2354
1416 1.2333
1417 1.2329
1418 1.2299
1419 1.2368
1420 1.2324
1421 1.2196
1422 1.2099
1423 1.209
1424 1.2084
1425 1.2025
1426 1.2049
1427 1.2183
1428 1.2179
1429 1.2164
1430 1.2052
1431 1.2093
1432 1.2164
1433 1.2189
1434 1.2282
1435 1.2251
1436 1.2268
1437 1.2144
1438 1.2154
1439 1.2174
1440 1.2172
1441 1.2264
1442 1.2261
1443 1.2298
1444 1.2256
1445 1.2307
1446 1.2306
1447 1.2308
1448 1.2417
1449 1.24
1450 1.2274
1451 1.2316
1452 1.2298
1453 1.2286
1454 1.2418
1455 1.232
1456 1.2271
1457 1.2393
1458 1.2478
1459 1.252
1460 1.2515
1461 1.2627
1462 1.2622
1463 1.2639
1464 1.2783
1465 1.2758
1466 1.2725
1467 1.2759
1468 1.2746
1469 1.2741
1470 1.2703
1471 1.2787
1472 1.2883
1473 1.2938
1474 1.2936
1475 1.293
1476 1.2925
1477 1.2973
1478 1.2944
1479 1.2979
1480 1.3031
1481 1.2982
1482 1.3059
1483 1.3048
1484 1.309
1485 1.3162
1486 1.3288
1487 1.3286
1488 1.3259
1489 1.3308
1490 1.3268
1491 1.339
1492 1.3431
1493 1.3437
1494 1.3252
1495 1.3274
1496 1.3224
1497 1.3309
1498 1.328
1499 1.3429
1500 1.3287
1501 1.3295
1502 1.3396
1503 1.3377
1504 1.339
1505 1.3491
1506 1.3536
1507 1.3625
1508 1.3621
1509 1.3568
1510 1.3623
1511 1.3538
1512 1.3476
1513 1.3295
1514 1.3292
1515 1.3187
1516 1.3062
1517 1.3109
1518 1.3161
1519 1.3281
1520 1.3207
1521 1.3106
1522 1.3043
1523 1.3036
1524 1.2959
1525 1.3049
1526 1.3041
1527 1.2954
1528 1.3081
1529 1.3032
1530 1.3033
1531 1.3049
1532 1.3017
1533 1.3015
1534 1.2959
1535 1.2927
1536 1.2773
1537 1.2783
1538 1.2797
1539 1.2882
1540 1.2864
1541 1.2981
1542 1.2986
1543 1.2994
1544 1.3083
1545 1.3075
1546 1.323
1547 1.3208
1548 1.3205
1549 1.3195
1550 1.3274
1551 1.3189
1552 1.3127
1553 1.313
1554 1.3244
1555 1.3203
1556 1.3342
1557 1.3384
1558 1.3409
1559 1.3465
1560 1.3346
1561 1.3315
1562 1.3423
1563 1.3373
1564 1.3311
1565 1.3165
1566 1.321
1567 1.3005
1568 1.2957
1569 1.2954
1570 1.2877
1571 1.2913
1572 1.2944
1573 1.2969
1574 1.2896
1575 1.2838
1576 1.2842
1577 1.2868
1578 1.2906
1579 1.2912
1580 1.2972
1581 1.2873
1582 1.2918
1583 1.2819
1584 1.2928
1585 1.3037
1586 1.3034
1587 1.308
1588 1.3093
1589 1.3068
1590 1.2984
1591 1.2964
1592 1.2938
1593 1.2916
1594 1.2919
1595 1.2857
1596 1.2889
1597 1.2936
1598 1.2936
1599 1.2832
1600 1.2839
1601 1.2877
1602 1.2803
1603 1.2706
1604 1.2645
1605 1.263
1606 1.2644
1607 1.266
1608 1.2628
1609 1.2553
1610 1.2575
1611 1.2588
1612 1.2602
1613 1.2517
1614 1.2568
1615 1.2349
1616 1.2232
1617 1.2266
1618 1.2227
1619 1.2268
1620 1.2277
1621 1.232
1622 1.2216
1623 1.2127
1624 1.2035
1625 1.2038
1626 1.2106
1627 1.2089
1628 1.224
1629 1.214
1630 1.2134
1631 1.213
1632 1.2054
1633 1.2088
1634 1.2152
1635 1.2078
1636 1.2101
1637 1.2098
1638 1.1957
1639 1.1917
1640 1.1918
1641 1.1928
1642 1.1934
1643 1.2066
1644 1.22
1645 1.209
1646 1.2089
1647 1.2037
1648 1.2077
1649 1.2001
1650 1.2046
1651 1.2113
1652 1.2079
1653 1.2054
1654 1.2007
1655 1.2048
1656 1.2121
1657 1.2129
1658 1.2195
1659 1.2209
1660 1.2337
1661 1.2383
1662 1.2327
1663 1.2361
1664 1.2347
1665 1.2345
1666 1.2434
1667 1.2428
1668 1.2362
1669 1.2342
1670 1.229
1671 1.2178
1672 1.2147
1673 1.2235
1674 1.2213
1675 1.2239
1676 1.2311
1677 1.2324
1678 1.2248
1679 1.2204
1680 1.233
1681 1.2447
1682 1.2538
1683 1.2483
1684 1.2439
1685 1.24
1686 1.2433
1687 1.2288
1688 1.2263
1689 1.2282
1690 1.2216
1691 1.2214
1692 1.2153
1693 1.2177
1694 1.2208
1695 1.2153
1696 1.2077
1697 1.2036
1698 1.2011
1699 1.2016
1700 1.202
1701 1.2058
1702 1.1914
1703 1.1918
1704 1.1984
1705 1.2133
1706 1.2115
1707 1.2015
1708 1.204
1709 1.1938
1710 1.2073
1711 1.204
1712 1.1939
1713 1.1988
1714 1.1982
1715 1.1958
1716 1.1998
1717 1.2099
1718 1.2082
1719 1.2148
1720 1.2089
1721 1.1995
1722 1.1998
1723 1.2067
1724 1.1971
1725 1.1828
1726 1.1795
1727 1.1773
1728 1.1748
1729 1.174
1730 1.1667
1731 1.1695
1732 1.1672
1733 1.1706
1734 1.1741
1735 1.1734
1736 1.1737
1737 1.1799
1738 1.1724
1739 1.1804
1740 1.1786
1741 1.179
1742 1.1702
1743 1.1699
1744 1.1787
1745 1.1784
1746 1.1722
1747 1.183
1748 1.1824
1749 1.1969
1750 1.1926
1751 1.2041
1752 1.1965
1753 1.2012
1754 1.1996
1755 1.1848
1756 1.1816
1757 1.1883
1758 1.1857
1759 1.1856
1760 1.1875
1761 1.1846
1762 1.1842
1763 1.198
1764 1.2091
1765 1.2101
1766 1.2148
1767 1.2064
1768 1.2063
1769 1.2135
1770 1.2035
1771 1.2103
1772 1.2073
1773 1.2083
1774 1.211
1775 1.2101
1776 1.2276
1777 1.2287
1778 1.2252
1779 1.2229
1780 1.213
1781 1.2091
1782 1.2158
1783 1.2092
1784 1.21
1785 1.2021
1786 1.1971
1787 1.1974
1788 1.1935
1789 1.1963
1790 1.192
1791 1.1905
1792 1.1895
1793 1.1884
1794 1.1882
1795 1.1906
1796 1.1912
1797 1.1905
1798 1.1923
1799 1.1882
1800 1.186
1801 1.1925
1802 1.1899
1803 1.2003
1804 1.2028
1805 1.2002
1806 1.1888
1807 1.1914
1808 1.192
1809 1.1886
1810 1.1942
1811 1.2025
1812 1.2045
1813 1.2151
1814 1.2197
1815 1.2168
1816 1.2079
1817 1.2095
1818 1.1984
1819 1.2034
1820 1.2015
1821 1.2078
1822 1.203
1823 1.2132
1824 1.2139
1825 1.2124
1826 1.2258
1827 1.2272
1828 1.2216
1829 1.2109
1830 1.2091
1831 1.2125
1832 1.2107
1833 1.2107
1834 1.2106
1835 1.2267
1836 1.2274
1837 1.2345
1838 1.2326
1839 1.234
1840 1.2373
1841 1.2412
1842 1.2464
1843 1.2525
1844 1.2624
1845 1.2607
1846 1.2644
1847 1.2639
1848 1.2684
1849 1.2733
1850 1.272
1851 1.2747
1852 1.2799
1853 1.2855
1854 1.2888
1855 1.2826
1856 1.2817
1857 1.2722
1858 1.2795
1859 1.275
1860 1.285
1861 1.2844
1862 1.2747
1863 1.2777
1864 1.2739
1865 1.2868
1866 1.2833
1867 1.2824
1868 1.2912
1869 1.2953
1870 1.2828
1871 1.2799
1872 1.2648
1873 1.2636
1874 1.2587
1875 1.2574
1876 1.2631
1877 1.2616
1878 1.2623
1879 1.2577
1880 1.2568
1881 1.2665
1882 1.2582
1883 1.2522
1884 1.2554
1885 1.2589
1886 1.2532
1887 1.2534
1888 1.2779
1889 1.2793
1890 1.2726
1891 1.2757
1892 1.2822
1893 1.2751
1894 1.2754
1895 1.2706
1896 1.2673
1897 1.2641
1898 1.2529
1899 1.25
1900 1.256
1901 1.2639
1902 1.2684
1903 1.263
1904 1.2576
1905 1.2628
1906 1.2732
1907 1.2748
1908 1.2764
1909 1.2778
1910 1.2798
1911 1.2779
1912 1.2894
1913 1.2867
1914 1.2839
1915 1.2888
1916 1.2765
1917 1.2757
1918 1.2735
1919 1.2788
1920 1.2864
1921 1.287
1922 1.281
1923 1.2914
1924 1.2804
1925 1.2794
1926 1.276
1927 1.2767
1928 1.2784
1929 1.2768
1930 1.2825
1931 1.2793
1932 1.2833
1933 1.281
1934 1.2787
1935 1.2757
1936 1.2673
1937 1.2699
1938 1.2693
1939 1.2708
1940 1.2736
1941 1.2648
1942 1.2671
1943 1.2683
1944 1.2701
1945 1.273
1946 1.2796
1947 1.2747
1948 1.2687
1949 1.2699
1950 1.2697
1951 1.2687
1952 1.2744
1953 1.2727
1954 1.2687
1955 1.2687
1956 1.26
1957 1.2541
1958 1.2547
1959 1.2537
1960 1.2502
1961 1.2518
1962 1.2564
1963 1.2516
1964 1.2594
1965 1.2613
1966 1.2544
1967 1.2565
1968 1.2591
1969 1.2669
1970 1.2725
1971 1.2717
1972 1.2773
1973 1.2771
1974 1.278
1975 1.2705
1976 1.2715
1977 1.2806
1978 1.2775
1979 1.2835
1980 1.2861
1981 1.281
1982 1.2812
1983 1.2808
1984 1.2808
1985 1.2823
1986 1.281
1987 1.2824
1988 1.2928
1989 1.3081
1990 1.312
1991 1.3162
1992 1.3146
1993 1.3261
1994 1.3316
1995 1.3327
1996 1.3327
1997 1.3307
1998 1.3296
1999 1.3215
2000 1.3223
2001 1.3233
2002 1.3215
2003 1.3174
2004 1.3095
2005 1.3073
2006 1.3194
2007 1.3183
2008 1.3175
2009 1.3131
2010 1.3132
2011 1.3125
2012 1.3158
2013 1.3197
2014 1.3286
2015 1.3169
2016 1.3094
2017 1.3005
2018 1.3023
2019 1.2995
2020 1.294
2021 1.2904
2022 1.2926
2023 1.2918
2024 1.2948
2025 1.2942
2026 1.2968
2027 1.2957
2028 1.3025
2029 1.2964
2030 1.298
2031 1.2909
2032 1.2948
2033 1.2954
2034 1.2998
2035 1.3021
2036 1.296
2037 1.2933
2038 1.2969
2039 1.302
2040 1.3034
2041 1.3005
2042 1.2962
2043 1.3024
2044 1.3126
2045 1.314
2046 1.3137
2047 1.3134
2048 1.3126
2049 1.3134
2050 1.3164
2051 1.3159
2052 1.3246
2053 1.323
2054 1.3173
2055 1.3182
2056 1.3094
2057 1.3108
2058 1.3148
2059 1.3129
2060 1.3118
2061 1.3186
2062 1.3199
2063 1.3227
2064 1.3249
2065 1.3307
2066 1.3299
2067 1.3291
2068 1.3305
2069 1.3359
2070 1.3302
2071 1.3336
2072 1.3357
2073 1.3331
2074 1.3336
2075 1.3374
2076 1.3374
2077 1.3363
2078 1.3364
2079 1.3426
2080 1.338
2081 1.3367
2082 1.3436
2083 1.3436
2084 1.3484
2085 1.3518
2086 1.355
2087 1.3569
2088 1.3574
2089 1.3605
2090 1.3601
2091 1.358
2092 1.3622
2093 1.3647
2094 1.359
2095 1.3625
2096 1.366
2097 1.36
2098 1.3598
2099 1.3566
2100 1.3587
2101 1.3616
2102 1.3532
2103 1.3549
2104 1.3512
2105 1.3519
2106 1.3544
2107 1.3603
2108 1.3522
2109 1.3494
2110 1.3511
2111 1.3457
2112 1.3464
2113 1.3482
2114 1.3429
2115 1.3452
2116 1.3483
2117 1.3419
2118 1.3453
2119 1.344
2120 1.3488
2121 1.3526
2122 1.3492
2123 1.3456
2124 1.3359
2125 1.3359
2126 1.3325
2127 1.3295
2128 1.3311
2129 1.3365
2130 1.3401
2131 1.3416
2132 1.3426
2133 1.3399
2134 1.3438
2135 1.345
2136 1.3468
2137 1.3433
2138 1.3466
2139 1.352
2140 1.3627
2141 1.3615
2142 1.3592
2143 1.3626
2144 1.3623
2145 1.3714
2146 1.3757
2147 1.3776
2148 1.3788
2149 1.3785
2150 1.3782
2151 1.3808
2152 1.3811
2153 1.3831
2154 1.3817
2155 1.3824
2156 1.3711
2157 1.373
2158 1.3647
2159 1.3681
2160 1.3711
2161 1.3682
2162 1.3693
2163 1.3785
2164 1.3789
2165 1.3747
2166 1.3808
2167 1.3701
2168 1.3686
2169 1.3624
2170 1.3581
2171 1.3479
2172 1.3402
2173 1.3492
2174 1.3468
2175 1.3483
2176 1.3535
2177 1.356
2178 1.3645
2179 1.3645
2180 1.3626
2181 1.3675
2182 1.3648
2183 1.3641
2184 1.3641
2185 1.3606
2186 1.3669
2187 1.3697
2188 1.3772
2189 1.3794
2190 1.3837
2191 1.3904
2192 1.3885
2193 1.3848
2194 1.386
2195 1.3869
2196 1.395
2197 1.4092
2198 1.4076
2199 1.4086
2200 1.4128
2201 1.4126
2202 1.4138
2203 1.4219
2204 1.4229
2205 1.4163
2206 1.4135
2207 1.4128
2208 1.4154
2209 1.4154
2210 1.4092
2211 1.4157
2212 1.4228
2213 1.4168
2214 1.4216
2215 1.4165
2216 1.4208
2217 1.4291
2218 1.4263
2219 1.4138
2220 1.4248
2221 1.4237
2222 1.4299
2223 1.439
2224 1.4405
2225 1.4424
2226 1.4468
2227 1.4435
2228 1.4481
2229 1.4469
2230 1.4555
2231 1.4667
2232 1.4691
2233 1.4665
2234 1.4598
2235 1.467
2236 1.4639
2237 1.4652
2238 1.4658
2239 1.4787
2240 1.4829
2241 1.4829
2242 1.4825
2243 1.4862
2244 1.4817
2245 1.475
2246 1.4766
2247 1.4688
2248 1.4657
2249 1.4759
2250 1.4666
2251 1.4638
2252 1.4664
2253 1.4714
2254 1.4702
2255 1.4702
2256 1.4591
2257 1.4433
2258 1.4369
2259 1.4392
2260 1.4344
2261 1.4353
2262 1.4361
2263 1.4409
2264 1.45
2265 1.4601
2266 1.4718
2267 1.4603
2268 1.4738
2269 1.4736
2270 1.4786
2271 1.4684
2272 1.4717
2273 1.4663
2274 1.474
2275 1.4787
2276 1.4877
2277 1.4842
2278 1.4643
2279 1.469
2280 1.4616
2281 1.4609
2282 1.4574
2283 1.4737
2284 1.4673
2285 1.4789
2286 1.4767
2287 1.4782
2288 1.4841
2289 1.4851
2290 1.4832
2291 1.4638
2292 1.4647
2293 1.4495
2294 1.4505
2295 1.4506
2296 1.4592
2297 1.4569
2298 1.4635
2299 1.4674
2300 1.4742
2301 1.4663
2302 1.4813
2303 1.4825
2304 1.4822
2305 1.4889
2306 1.5132
2307 1.5172
2308 1.5187
2309 1.5195
2310 1.521
2311 1.5282
2312 1.5356
2313 1.5333
2314 1.5369
2315 1.5329
2316 1.5495
2317 1.5584
2318 1.5604
2319 1.5765
2320 1.5784
2321 1.5642
2322 1.5417
2323 1.5447
2324 1.5394
2325 1.5595
2326 1.5761
2327 1.5798
2328 1.5759
2329 1.5805
2330 1.5615
2331 1.5618
2332 1.5667
2333 1.5735
2334 1.5713
2335 1.5705
2336 1.5804
2337 1.5744
2338 1.5796
2339 1.5827
2340 1.5801
2341 1.5978
2342 1.5924
2343 1.5742
2344 1.5881
2345 1.601
2346 1.5898
2347 1.5668
2348 1.5634
2349 1.5648
2350 1.5604
2351 1.5568
2352 1.5458
2353 1.5431
2354 1.5491
2355 1.5548
2356 1.537
2357 1.5409
2358 1.5447
2359 1.5536
2360 1.5509
2361 1.5467
2362 1.5492
2363 1.5591
2364 1.5516
2365 1.5667
2366 1.5772
2367 1.5703
2368 1.5784
2369 1.5731
2370 1.5628
2371 1.5527
2372 1.556
2373 1.555
2374 1.5454
2375 1.5453
2376 1.556
2377 1.5731
2378 1.5718
2379 1.5473
2380 1.5562
2381 1.5418
2382 1.5368
2383 1.5472
2384 1.5519
2385 1.5502
2386 1.5502
2387 1.5626
2388 1.5492
2389 1.5591
2390 1.557
2391 1.5738
2392 1.5749
2393 1.5748
2394 1.5778
2395 1.5869
2396 1.5708
2397 1.5646
2398 1.5653
2399 1.5744
2400 1.5771
2401 1.5898
2402 1.5914
2403 1.5923
2404 1.5847
2405 1.5861
2406 1.5855
2407 1.5877
2408 1.5811
2409 1.5708
2410 1.5657
2411 1.5687
2412 1.5747
2413 1.5588
2414 1.5559
2415 1.5589
2416 1.5567
2417 1.5569
2418 1.5468
2419 1.5409
2420 1.5341
2421 1.5047
2422 1.4958
2423 1.4905
2424 1.4895
2425 1.4856
2426 1.4695
2427 1.473
2428 1.4746
2429 1.4701
2430 1.4875
2431 1.48
2432 1.4803
2433 1.466
2434 1.4684
2435 1.4685
2436 1.4669
2437 1.4522
2438 1.4489
2439 1.436
2440 1.4273
2441 1.4126
2442 1.4173
2443 1.402
2444 1.3939
2445 1.4172
2446 1.4175
2447 1.4155
2448 1.4215
2449 1.4382
2450 1.4384
2451 1.4697
2452 1.4737
2453 1.4655
2454 1.4643
2455 1.4596
2456 1.4381
2457 1.4081
2458 1.4058
2459 1.3854
2460 1.3816
2461 1.3508
2462 1.3649
2463 1.368
2464 1.3646
2465 1.3471
2466 1.3658
2467 1.3567
2468 1.3416
2469 1.3462
2470 1.3314
2471 1.3102
2472 1.2835
2473 1.2878
2474 1.2639
2475 1.2446
2476 1.2476
2477 1.2851
2478 1.285
2479 1.2682
2480 1.2719
2481 1.3021
2482 1.3039
2483 1.2756
2484 1.2777
2485 1.276
2486 1.2558
2487 1.2526
2488 1.2731
2489 1.2726
2490 1.269
2491 1.2595
2492 1.2525
2493 1.2531
2494 1.289
2495 1.303
2496 1.2828
2497 1.2694
2498 1.2634
2499 1.2724
2500 1.2669
2501 1.284
2502 1.2654
2503 1.2942
2504 1.2937
2505 1.3024
2506 1.3294
2507 1.3349
2508 1.3664
2509 1.381
2510 1.4358